9/6/98
22,	6
1,	29
2,	24
8,	9
30,	3
15,	11
18,	14
20,	25
23,	33
26,	21
27,	16
10,	4
28,	19
13,	12
9/7/98
17,	7

9/13/98
22,	26
33,	20
2,	15
29,	18
3,	23
4,	8
6,	7
12,	30
16,	14
19,	13
21,	1
24,	10
27,	9
11,	17
9/14/98
25,	28

9/20/98
33,	30
3,	27
7,	13
8,	16
9,	4
11,	20
23,	15
14,	2
24,	12
10,	17
28,	26
21,	22
9/21/98
6,	19

9/27/98
22,	14
1,	25
7,	28
9,	29
30,	10
12,	21
16,	3
18,	11
19,	24
13,	6
26,	23
4,	33
9/28/98
27,	8

10/4/98
29,	1
6,	28
8,	3
15,	20
17,	18
19,	27
13,	22
21,	7
24,	11
25,	2
26,	12
10/5/98
16,	9

10/11/98
2,	11
29,	6
3,	22
7,	26
12,	17
20,	14
23,	4
24,	13
25,	18
10,	33
28,	21
1,	19
10/12/98
15,	30

10/15/98
9,	8
10/18/98
22,	19
33,	23
29,	27
4,	10
6,	3
11,	25
30,	2
18,	1
21,	24
14,	15
28,	16
10/19/98
20,	17

10/25/98
1,	20
33,	9
3,	10
4,	13
30,	7
16,	8
17,	15
25,	14
26,	24
27,	18
2,	29
10/26/98
23,	12

11/1/97
22,	8
7,	4
30,	33
15,	2
16,	27
17,	11
18,	29
19,	28
20,	12
14,	1
25,	9
10,	23
13,	26
11/2/98
6,	21

11/8/98
1,	17
2,	20
29,	25
4,	30
8,	21
11,	15
12,	26
18,	16
19,	6
13,	33
14,	3
24,	7
28,	22
10,	27
11/9/98
9,	23

11/15/98
33,	24
4,	16
6,	22
9,	19
15,	29
17,	2
20,	11
21,	28
23,	10
14,	18
25,	1
26,	13
27,	30
3,	8
11/16/98
7,	12

11/22/98
22,	28
33,	4
29,	14
3,	1
8,	27
9,	16
11,	2
30,	23
12,	24
20,	10
13,	7
21,	19
26,	6
18,	25
11/23/98
15,	17

11/26/98
16,	6
23,	8
11/29/98
22,	12
1,	14
2,	17
29,	20
11,	33
30,	4
18,	15
21,	9
27,	3
10,	26
28,	13,
7,	24
11/30/98
19,	25

12/3/98
14,	21
12/6/98
33,	10
2,	4
6,	18
8,	30
11,	1
12,	7
15,	13
17,	23
19,	22
24,	28
25,	29
26,	20
3,	16
12/7/98
9,	27

12/13/98
22,	21
1,	18
3,	9
4,	11
6,	12
7,	19
16,	33
17,	14
13,	2
23,	27
24,	26
10,	30
28,	29
20,	15
12/14/98
8,	25

12/19/98
20,	2
27,	28
12/20/98
1,	8
33,	3
4,	23
11,	26
12,	19
18,	22
13,	24
21,	6
14,	29
25,	17
10,	9
30,	16
12/21/98
7,	15

12/26/98
12,	13
16,	10
12/27/98
2,	18
29,	11
8,	33
9,	3
15,	1
17,	20
19,	21
14,	25
24,	22
26,	7
27,	4
28,	6
12/28/98
23,	30

